[LEFT_CAM_2K]
cx=1123.85
cy=635.594
fx=1060.97
fy=1061.21
k1=-0.07456768657066797
k2=0.058448908740040065
k3=-0.02495779671549341
p1=-0.0005864815992339291
p2=-9.326095667942688e-05

[LEFT_CAM_FHD]
cx=979.85
cy=554.594
fx=1060.97
fy=1061.21
k1=-0.07456768657066797
k2=0.058448908740040065
k3=-0.02495779671549341
p1=-0.0005864815992339291
p2=-9.326095667942688e-05

[LEFT_CAM_HD]
cx=648.425
cy=365.797
fx=530.487
fy=530.603
k1=-0.07456768657066797
k2=0.058448908740040065
k3=-0.02495779671549341
p1=-0.0005864815992339291
p2=-9.326095667942688e-05

[LEFT_CAM_VGA]
cx=339.712
cy=190.399
fx=265.243
fy=265.301
k1=-0.07456768657066797
k2=0.058448908740040065
k3=-0.02495779671549341
p1=-0.0005864815992339291
p2=-9.326095667942688e-05

[LEFT_DISTO]
k1=-1.4859933519873143
k2=3.384516758416775
k3=-0.0894122841441594
k4=-1.4003071738609094
k5=3.2488728819369372
k6=0.08932393638007725
p1=-0.0006058850897709488
p2=-0.00014135469845275633

[MISC]
Sensor_ID=0

[RIGHT_CAM_2K]
cx=1124.59
cy=614.976
fx=1060.09
fy=1060.33
k1=-0.06627279397153163
k2=0.04500954741856799
k3=-0.018196104271911064
p1=-0.0005433556253763142
p2=0.000315378396349339

[RIGHT_CAM_FHD]
cx=980.589
cy=533.976
fx=1060.09
fy=1060.33
k1=-0.06627279397153163
k2=0.04500954741856799
k3=-0.018196104271911064
p1=-0.0005433556253763142
p2=0.000315378396349339

[RIGHT_CAM_HD]
cx=648.794
cy=355.488
fx=530.045
fy=530.166
k1=-0.06627279397153163
k2=0.04500954741856799
k3=-0.018196104271911064
p1=-0.0005433556253763142
p2=0.000315378396349339

[RIGHT_CAM_VGA]
cx=339.897
cy=185.244
fx=265.022
fy=265.083
k1=-0.06627279397153163
k2=0.04500954741856799
k3=-0.018196104271911064
p1=-0.0005433556253763142
p2=0.000315378396349339

[RIGHT_DISTO]
k1=-1.1208359892276716
k2=2.2390934213171594
k3=0.08123797738602974
k4=-1.0296207188022723
k5=2.0995251998195807
k6=0.228443164685349
p1=-0.0003953167929981971
p2=0.0003762445356578519

[STEREO]
Baseline=120.936
CV_2K=-0.00220465
CV_FHD=-0.00220465
CV_HD=-0.00220465
CV_VGA=-0.00220465
RX_2K=0.00314051
RX_FHD=0.00314051
RX_HD=0.00314051
RX_VGA=0.00314051
RZ_2K=0.000677344
RZ_FHD=0.000677344
RZ_HD=0.000677344
RZ_VGA=0.000677344
TY=-0.195356
TZ=0.183502
